 N:  Integral:  Variance:  CPU_time  CPU_time_par 
<<<<<<< Updated upstream
                  10      0.000261139109     1.245191344e-11       0.04405499931        0.2660789978
                 100       0.01626086432     3.495612639e-07       0.06815500092       0.06259299698
                1000        0.7513699491      0.007792213597        0.1786570028        0.2263399983
               10000        0.1348867675      0.000835938176         1.817404001        0.9600810008
              100000        0.1640351538      0.002718721054            17.42566            9.043037
             1000000        0.2242974901       0.07123569759          133.974109           76.373171
            10000000        0.1909688559       0.01656668544         1330.687485          669.766993
           100000000        0.1921421472       0.02307796868         13263.12121         6641.945984
=======
                  10       0.02657075617     0.0004604339848      0.006999995094        0.1690000063
                 100        0.1569191216      0.007982446071      0.008999995771        0.0219999929
                1000         0.374341561       0.03364755418       0.08899999375        0.0629999995
               10000        0.1828584709     0.0005449683581        0.7789999945        0.4009999975
              100000        0.1896465845     8.842458488e-05         7.809999996         3.857000003
             1000000        0.1882911121     2.095397579e-05              76.256              38.184
            10000000        0.1881760792     1.670612052e-06             767.507             386.075
           100000000        0.1884669998     1.772856072e-07            7730.639            3827.313
>>>>>>> Stashed changes
