 N:  Integral:  Variance: CPU_time
<<<<<<< Updated upstream
                  10       0.04839863295       0.01309419564       0.01655600136       0.08131099821
                 100        0.1773319774        0.5668613112       0.04355399869        0.1378590023
                1000        0.1653655642         0.996290919        0.3743370034         0.215201002
               10000        0.1886880093         2.687835717         3.366086999         1.812694001
              100000        0.1896116633         2.044788792           31.215012           16.287074
             1000000        0.1932493187          2.47833416           290.13262          148.053878
            10000000        0.1925995212         2.714018364         3006.757744         1497.922054
           100000000        0.1927282806         2.782142149         31851.16357         15142.25741
=======
                  10       0.04420403205     0.0004042064348      0.004000001354       0.02900000254
                 100         0.127815278      0.001333407597       0.01899999916       0.03199999628
                1000        0.2442642468       0.00220185173        0.1619999966        0.1009999978
               10000        0.1883532511     7.953144696e-05         1.602000004        0.8219999872
              100000        0.1973511108     1.523726048e-05              16.382         8.031999998
             1000000        0.1914720008     9.442152387e-07             160.324              81.693
            10000000        0.1921138723     1.015198101e-07            1687.534             805.054
           100000000        0.1926540088     1.062189806e-08           16196.977            8452.825
>>>>>>> Stashed changes
